0.0 0.0 0.0 0.0 0.0 0.0 0.0 0.0 0.0 0.0 0.0 0.0 0.0 0.0 0.0 0.0 0.0 0.0 0.0 0.0 0.0 0.0 0.0 0.0 0.0 0.0 0.0 0.0 0.0 0.0 0.0 0.0 0.0 0.0 0.0 0.0 0.0 0.0 0.0 0.0 0.0 0.0 0.0 0.0 0.0 0.0 0.0 -0.0021019625396633398 -0.0042039250793266796 -0.0084078501586533592 
0.0 0.0 0.0 0.0 0.0 0.0 0.0 0.0 0.0 0.0 0.0 0.0 0.0 0.0 0.0 0.0 0.0 0.0 0.0 0.0 0.0 0.0 0.0 0.0 0.0 0.0 0.0 0.0 0.0 0.0 0.0 0.0 0.0 0.0 0.0 0.0 0.0 0.0 0.0 0.0 0.0 0.0 0.0 0.0 0.0 -0.0021019625396633398 -0.0042039250793266796 -0.0063058876189900194 -0.0084078501586533592 -0.012611775237980041 
0.0 0.0 0.0 0.0 0.0 0.0 0.0 0.0 0.0 0.0 0.0 0.0 0.0 0.0 0.0 0.0 0.0 0.0 0.0 0.0 0.0 0.0 0.0 0.0 0.0 0.0 0.0 0.0 0.0 0.0 0.0 0.0 0.0 0.0 0.0 0.0 0.0 0.0 0.0 0.0 0.0 0.0 0.0 0.0 0.0 -0.0021019625396633398 -0.0042039250793266796 -0.0063058876189900194 -0.0084078501586533592 -0.012611775237980041 
0.0 0.0 0.0 0.0 0.0 0.0 0.0 0.0 0.0 0.0 0.0 0.0 0.0 0.0 0.0 0.0 0.0 0.0 0.0 0.0 0.0 0.0 0.0 0.0 0.0 0.0 0.0 0.0 0.0 0.0 0.0 0.0 0.0 0.0 0.0 0.0 0.0 0.0 0.0 0.0 0.0 0.0 0.0 0.0 0.0 -0.0021019625396633398 -0.0042039250793266796 -0.0063058876189900194 -0.0063058876189900194 -0.0105098126983167 
0.0 0.0 0.0 0.0 0.0 0.0 0.0 0.0 0.0 0.0 0.0 0.0 0.0 0.0 0.0 0.0 0.0 0.0 0.0 0.0 0.0 0.0 0.0 0.0 0.0 0.0 0.0 0.0 0.0 0.0 0.0 0.0 0.0 0.0 0.0 0.0 0.0 0.0 0.0 0.0 0.0 0.0 0.0 0.0 0.0 -0.0021019625396633398 -0.0042039250793266796 -0.0063058876189900194 -0.0063058876189900194 -0.0063058876189900194 
0.0 0.0 0.0 0.0 0.0 0.0 0.0 0.0 0.0 0.0 0.0 0.0 0.0 0.0 0.0 0.0 0.0 0.0 0.0 0.0 0.0 0.0 0.0 0.0 0.0 0.0 0.0 0.0 0.0 0.0 0.0 0.0 0.0 0.0 0.0 0.0 0.0 0.0 0.0 0.0 0.0 0.0 0.0 0.0 0.0 -0.0021019625396633398 -0.0042039250793266796 -0.0063058876189900194 -0.0063058876189900194 -0.0063058876189900194 
-0.0021019625396633398 0.0 0.0 0.0 0.0 0.0 0.0 0.0 0.0 0.0 0.0 0.0 0.0 0.0 0.0 0.0 0.0 0.0 0.0 0.0 0.0 0.0 0.0 0.0 0.0 0.0 0.0 0.0 0.0 0.0 0.0 0.0 0.0 0.0 0.0 0.0 0.0 0.0 0.0 0.0 0.0 0.0 0.0 0.0 0.0 0.0 0.0 -0.0021019625396633398 -0.0021019625396633398 -0.0021019625396633398 
-0.0021019625396633398 0.0 0.0 0.0 0.0 0.0 0.0 0.0 0.0 0.0 0.0 0.0 0.0 0.0 0.0 0.0 0.0 0.0 0.0 0.0 0.0 0.0 0.0 0.0 0.0 0.0 0.0 0.0 0.0 0.0 0.0 0.0 0.0 0.0 0.0 0.0 0.0 0.0 0.0 0.0 0.0 0.0 0.0 0.0 0.0 0.0 0.0 0.0 0.0 0.0 
-0.0021019625396633398 0.0 0.0 0.0 0.0 0.0 0.0 0.0 0.0 0.0 0.0 0.0 0.0 0.0 0.0 0.0 0.0 0.0 0.0 0.0 0.0 0.0 0.0 0.0 0.0 0.0 0.0 0.0 0.0 0.0 0.0 0.0 0.0 0.0 0.0 0.0 0.0 0.0 0.0 0.0 0.0 0.0 0.0 0.0 0.0 0.0 0.0 0.0 0.0 0.0 
-0.027310388016390443 -0.025208425476727105 -0.025208425476727105 -0.025208425476727105 0.0 0.0 0.0 0.0 0.0 -0.0033286607801112527 -0.0033286607801112527 -0.0033286607801112527 -0.0033286607801112527 -0.0033286607801112527 0.0 0.0 0.0 0.0 0.0 0.0 0.0 0.0 0.0 0.0 0.0 0.0 0.0 0.0 0.0 0.0 0.0 0.0 0.0 0.0 0.0 0.0 0.0 0.0 0.0 0.0 0.0 0.0 0.0 0.0 0.0 0.0 0.0 0.0 0.0 0.0 
-0.039914600754753997 -0.037812638215090656 -0.037812638215090656 -0.037812638215090656 -0.012604212738363553 0.0 0.0 0.0 0.0 -0.0033286607801112527 -0.0066573215602225054 -0.0066573215602225054 -0.0066573215602225054 -0.0066573215602225054 -0.0033286607801112527 0.0 0.0 0.0 0.0 0.0 0.0 0.0 0.0 0.0 0.0 0.0 0.0 0.0 0.0 0.0 0.0 0.0 0.0 0.0 0.0 0.0 0.0 0.0 0.0 0.0 0.0 0.0 0.0 0.0 0.0 0.0 0.0 0.0 0.0 0.0 
-0.037812638215090656 -0.063021063691817758 -0.063021063691817758 -0.063021063691817758 -0.037812638215090656 -0.025208425476727105 -0.0033286607801112527 -0.0033286607801112527 -0.0033286607801112527 -0.0066573215602225054 -0.0099859823403337586 -0.0099859823403337586 -0.0099859823403337586 -0.0099859823403337586 -0.0066573215602225054 -0.0033286607801112527 0.0 0.0 0.0 0.0 0.0 0.0 0.0 0.0 0.0 0.0 0.0 0.0 0.0 0.0 0.0 0.0 0.0 0.0 0.0 0.0 0.0 0.0 0.0 0.0 0.0 0.0 0.0 0.0 0.0 0.0 0.0 0.0 0.0 0.0 
-0.037812638215090656 -0.063021063691817758 -0.088229489168544867 -0.088229489168544867 -0.063021063691817758 -0.050416850953454211 -0.028537086256838359 -0.0099859823403337586 -0.0099859823403337586 -0.013314643120445011 -0.016643303900556263 -0.016643303900556263 -0.0099859823403337586 -0.0099859823403337586 -0.0066573215602225054 -0.0033286607801112527 0.0 0.0 0.0 0.0 0.0 0.0 0.0 0.0 0.0 0.0 0.0 0.0 0.0 0.0 0.0 0.0 0.0 0.0 0.0 0.0 0.0 0.0 0.0 0.0 0.0 0.0 -0.0092882410546649349 -0.0092882410546649349 -0.0092882410546649349 -0.0092882410546649349 -0.0092882410546649349 0.0 0.0 0.0 
-0.037812638215090656 -0.063021063691817758 -0.088229489168544867 -0.10083370190690842 -0.075625276430181312 -0.063021063691817758 -0.041141298995201907 -0.022590195078697313 -0.013314643120445011 -0.016643303900556263 -0.019971964680667517 -0.019971964680667517 -0.013314643120445011 -0.0099859823403337586 -0.0066573215602225054 -0.0033286607801112527 0.0 0.0 0.0 0.0 0.0 0.0 0.0 0.0 0.0 0.0 0.0 0.0 0.0 0.0 0.0 0.0 0.0 0.0 0.0 0.0 0.0 0.0 0.0 0.0 0.0 0.0 -0.0092882410546649349 -0.01857648210932987 -0.01857648210932987 -0.01857648210932987 -0.01857648210932987 -0.0092882410546649349 0.0 0.0 
-0.012604212738363553 -0.037812638215090656 -0.063021063691817758 -0.075625276430181312 -0.075625276430181312 -0.063021063691817758 -0.041141298995201907 -0.022590195078697313 -0.013314643120445011 -0.016643303900556263 -0.019971964680667517 -0.019971964680667517 -0.013314643120445011 -0.0099859823403337586 -0.0066573215602225054 -0.0033286607801112527 0.0 0.0 0.0 0.0 0.0 0.0 0.0 0.0 0.0 0.0 0.0 0.0 0.0 0.0 0.0 0.0 0.0 0.0 0.0 0.0 0.0 0.0 0.0 0.0 0.0 0.0 -0.0092882410546649349 -0.01857648210932987 -0.03715296421865974 -0.03715296421865974 -0.03715296421865974 -0.027864723163994805 -0.01857648210932987 0.0 
0.0 -0.025208425476727105 -0.050416850953454211 -0.063021063691817758 -0.063021063691817758 -0.063021063691817758 -0.041141298995201907 -0.022590195078697313 -0.013314643120445011 -0.016643303900556263 -0.016643303900556263 -0.016643303900556263 -0.0099859823403337586 -0.0066573215602225054 -0.0033286607801112527 -0.0033286607801112527 0.0 0.0 0.0 0.0 0.0 0.0 0.0 0.0 0.0 0.0 0.0 0.0 0.0 0.0 0.0 0.0 0.0 0.0 0.0 0.0011519203309018221 0.0011519203309018221 0.0011519203309018221 0.0011519203309018221 0.0011519203309018221 0.0 0.0 -0.0092882410546649349 -0.01857648210932987 -0.03715296421865974 -0.046441205273324675 -0.046441205273324675 -0.03715296421865974 -0.027864723163994805 -0.0092882410546649349 
0.0 0.0 -0.025208425476727105 -0.037812638215090656 -0.037812638215090656 -0.037812638215090656 -0.037812638215090656 -0.019261534298586059 -0.0099859823403337586 -0.013314643120445011 -0.013314643120445011 -0.013314643120445011 -0.0066573215602225054 -0.0033286607801112527 0.0 0.0 0.0 0.0 0.0 0.0 0.0 0.0 0.0 0.0 0.0 0.0 0.0 0.0 0.0 0.0 0.0 0.0 0.0 0.0 0.0 0.0023038406618036441 0.003455760992705466 0.003455760992705466 0.003455760992705466 0.003455760992705466 0.0023038406618036441 0.0 -0.0092882410546649349 -0.01857648210932987 -0.03715296421865974 -0.05572944632798961 -0.065017687382654538 -0.05572944632798961 -0.046441205273324675 -0.027864723163994805 
0.0 0.0 0.0 -0.012604212738363553 -0.012604212738363553 -0.012604212738363553 -0.012604212738363553 -0.012604212738363553 -0.0033286607801112527 -0.0066573215602225054 -0.0066573215602225054 -0.0066573215602225054 -0.0066573215602225054 -0.0033286607801112527 0.0 0.0 0.0 0.0 0.0 0.0 0.0 0.0 0.0 0.0 0.0 0.0 0.0 0.0 0.0 0.0 0.0 0.0 0.0 0.0 0.0 0.0023038406618036441 0.003455760992705466 0.0057596016545091106 0.0057596016545091106 0.0057596016545091106 0.0046076813236072883 0.0023038406618036441 -0.0092882410546649349 -0.01857648210932987 -0.03715296421865974 -0.05572944632798961 -0.065017687382654538 -0.05572944632798961 -0.046441205273324675 -0.027864723163994805 
0.0 0.0 0.0 0.0 0.0 0.0 0.0 0.0 0.0 -0.0033286607801112527 -0.0033286607801112527 -0.0033286607801112527 -0.0033286607801112527 -0.0033286607801112527 0.0 0.0 0.0 0.0 0.0 0.0 0.0 0.0 0.0 0.0073173382891732301 0.0073173382891732301 0.0073173382891732301 0.0073173382891732301 0.0073173382891732301 0.0 0.0 0.0 0.0 0.0 0.0 0.0 0.0023038406618036441 0.003455760992705466 0.0057596016545091106 0.0069115219854109329 0.0069115219854109329 0.0057596016545091106 0.003455760992705466 -0.0081363207237631126 -0.010402763149208948 -0.028979245258538816 -0.047555727367868686 -0.056843968422533621 -0.047555727367868686 -0.046441205273324675 -0.027864723163994805 
0.0 0.0 0.0 0.0 0.0 0.0 0.0 0.0 0.0 0.0 0.0 0.0 0.0 0.0 0.0 0.0 0.0 0.0 0.0 0.0073173382891732301 0.0073173382891732301 0.0073173382891732301 0.0073173382891732301 0.01463467657834646 0.01463467657834646 0.01463467657834646 0.01463467657834646 0.01463467657834646 0.0073173382891732301 0.0 0.0 0.0 0.0 0.0 0.0011519203309018221 0.003455760992705466 0.0046076813236072883 0.0069115219854109329 0.0080634423163127543 0.0058343981272247301 0.0046824777963229078 0.0023786371345192632 -0.0092134445819493163 -0.011479887007395152 -0.010402763149208948 -0.028979245258538816 -0.038267486313203751 -0.028979245258538816 -0.027864723163994805 -0.027864723163994805 
0.0 0.0 0.0 0.0 0.0 0.0 0.0 0.0 0.0 0.0 0.0 0.0 0.0 0.0 0.0 0.0 0.0 0.0 0.0 0.0073173382891732301 0.01463467657834646 0.01463467657834646 0.01463467657834646 0.02195201486751969 0.02195201486751969 0.01463467657834646 0.01463467657834646 0.01463467657834646 0.0073173382891732301 0.0 0.0 0.0 0.0 0.0 0.0011519203309018221 0.0023038406618036441 0.003455760992705466 0.0057596016545091106 0.0069115219854109329 0.0046824777963229078 0.0035679557017788948 0.0012641150399752504 -0.010327966676493329 -0.012594409101939163 -0.011517285243752961 -0.019691004203873881 -0.028979245258538816 -0.019691004203873881 -0.01857648210932987 -0.01857648210932987 
-0.0092882410546649349 0.0 0.0 0.0 0.0 0.0 0.0 0.0 0.0 0.0 0.0 0.0 0.0 0.0 0.0 0.0 0.0033896140692421632 0.0033896140692421632 0.0033896140692421632 0.010706952358415393 0.018024290647588627 0.02926935315669292 0.02926935315669292 0.036586691445866154 0.036586691445866154 0.02926935315669292 0.01463467657834646 0.01463467657834646 0.0073173382891732301 0.0 0.0 0.0 0.0 0.0 0.0011519203309018221 0.0011519203309018221 0.0011519203309018221 0.003455760992705466 0.0046076813236072883 0.0023786371345192632 0.0012641150399752504 -0.000964929149112774 -0.012557010865581354 -0.014823453291027189 -0.013746329432840985 -0.011517285243752961 -0.010402763149208948 -0.0011145220945440125 0.0 0.0 
-0.0092882410546649349 0.0 0.0 0.0 0.0 0.0 0.0 0.0 0.0 0.0 0.0 0.0 -0.0013346470933985695 -0.0013346470933985695 -0.0013346470933985695 -0.0013346470933985695 0.0020549669758435935 0.0053450017149174892 0.0053450017149174892 0.01266234000409072 0.019979678293263956 0.031224740802368246 0.043904029735039388 0.051221368024212621 0.051221368024212621 0.043904029735039388 0.02926935315669292 0.01463467657834646 0.0073173382891732301 0.0 0.0 0.0 0.0 0.0 0.0011519203309018221 0.0011519203309018221 0.0011519203309018221 0.0011519203309018221 0.0023038406618036441 7.4796472715619056e-05 -0.0010397256218283937 -0.0032687698109164181 -0.0054978140000044428 -0.0077642564254502798 -0.0066871325672640761 -0.0044580883781760502 -0.0033435662836320376 -0.0011145220945440125 0.0 0.0 
-0.0092882410546649349 0.0 0.0 0.0 0.0 0.0 0.0 0.0 0.0 0.0 0.0 0.0 -0.0013346470933985695 -0.002669294186797139 -0.002669294186797139 -0.002669294186797139 0.00072031988244502425 0.0040103546215189204 0.0056055823259717336 0.012922920615144965 0.020240258904318201 0.031485321413422487 0.044164610346093633 0.043904029735039388 0.043904029735039388 0.036586691445866154 0.02195201486751969 0.0073173382891732301 0.0073173382891732301 0.0 0.0 0.0 0.0 0.0 0.0011519203309018221 0.0011519203309018221 0.0011519203309018221 0.0011519203309018221 0.0011519203309018221 -0.001077123858186203 -0.0021916459527302158 -0.0044206901418182409 -0.0066497343309062668 -0.0066497343309062668 -0.0055726104727200632 -0.0033435662836320376 -0.0022290441890880251 0.0 0.0 0.0 
-0.0092882410546649349 0.0 0.0 0.0 0.0 0.0 0.0 0.0 0.0 6.7172223485794893e-05 6.7172223485794893e-05 6.7172223485794893e-05 -0.0012674748699127746 -0.0026021219633113441 -0.0048845993749715841 -0.0048845993749715841 -0.0014949853057294204 0.0017950494333444753 0.0033902771377972893 0.0056055823259717336 0.012922920615144965 0.024167983124249264 0.036847272056920399 0.036586691445866154 0.036586691445866154 0.02926935315669292 0.01463467657834646 0.0 0.0 0.0 0.0 0.0 0.0 0.0 0.0 0.0 0.0 0.0 0.0 0.0 -0.0011145220945440125 -0.0033435662836320376 -0.0055726104727200632 -0.0055726104727200632 -0.0055726104727200632 -0.0033435662836320376 -0.0022290441890880251 0.0 0.0 0.0 
-0.0092882410546649349 0.0 0.0 0.0 0.0 0.0 0.0 0.0 0.0 6.7172223485794893e-05 -0.0010122097842110791 -0.0010122097842110791 -0.0023468568776096486 -0.0036815039710082183 -0.0059639813826684578 -0.0046240187639173397 -0.001234404694675176 0.0020556300443987196 0.0036508577488515337 0.0058661629370259779 0.0056055823259717336 0.016850644835076031 0.029529933767747166 0.02926935315669292 0.02926935315669292 0.023078559835051388 0.0084438832567049274 -0.006190793321641532 -0.006190793321641532 -0.006190793321641532 0.0 0.0 0.0 0.0 0.0 0.0 0.0 0.0 0.0 0.0 0.0 -0.0022290441890880251 -0.0044580883781760502 -0.0044580883781760502 -0.0044580883781760502 -0.0033435662836320376 -0.0022290441890880251 0.0 0.0 0.0 
0.0 0.0 0.0 0.0 0.0 0.0 0.0 0.0 0.0 6.7172223485794893e-05 -0.0010122097842110791 -0.0014090725672333553 -0.0027437196606319245 -0.0040783667540304942 -0.0063608441656907346 -0.0050208815469396156 -0.0074924716110510133 -0.0042024368719771176 -0.0026072091675243035 -0.00039190397934985867 -0.00065248459040410326 0.0022159682567295708 0.014895257189400705 0.01463467657834646 0.01463467657834646 0.0084438832567049274 -0.0039377033865781357 -0.018572379964924595 -0.018572379964924595 -0.018572379964924595 -0.012381586643283064 0.0 0.0 0.0 0.0 0.0 0.0 0.0 0.0 0.0 0.0 0.0 -0.0022290441890880251 -0.0022290441890880251 -0.0022290441890880251 0.0031744463143528697 0.0085779368177937645 0.010806981006881791 0.010806981006881791 0.010806981006881791 
0.0 0.0 0.0 0.0 0.0 0.0 0.0 0.0 0.0 6.7172223485794893e-05 -0.0010122097842110791 -0.0014090725672333553 0.0012906129755144097 -4.4034117884159552e-05 -0.0023265115295443999 -0.00098654891079328092 -0.0034581389749046782 -0.0075920509412192808 -0.0059968232367664668 -0.0037815180485920221 -0.0040420986596462665 -0.0011736458125125924 -0.0059302127105872876 -0.006190793321641532 -0.006190793321641532 -0.012381586643283064 -0.024763173286566128 -0.024763173286566128 -0.024763173286566128 -0.024763173286566128 -0.018572379964924595 -0.006190793321641532 0.0 0.0 0.0 0.0 0.0 0.0 0.0 0.0 0.0 0.0 0.0 0.0 0.0 0.0054034905034408953 0.010806981006881791 0.032931837019866322 0.032931837019866322 0.032931837019866322 
0.0 0.0 0.0 0.0 0.0 0.0 0.0 0.0 0.0 6.7172223485794893e-05 -0.0010122097842110791 -0.0014090725672333553 0.0012906129755144097 0.0033077792935875768 0.0010253018819273369 0.0023652645006784559 -0.00010632556343294201 -0.0042402375297475444 -0.0062574038478207111 -0.0040420986596462665 -0.0043026792707005108 -0.001434226423566837 -0.006190793321641532 -0.012381586643283064 -0.012381586643283064 -0.018572379964924595 -0.030953966608207661 -0.030953966608207661 -0.024763173286566128 -0.024763173286566128 -0.018572379964924595 -0.006190793321641532 0.0 0.0 0.0 0.0 0.0 0.0 0.0 0.0 0.0 0.0 0.0 0.0054034905034408953 0.0054034905034408953 0.010806981006881791 0.016210471510322684 0.038335327523307219 0.038590774522917703 0.038590774522917703 
0.0 0.0 0.0 0.0 0.0 0.0 0.0 0.0 0.0 0.0020171663180731671 0.00093778431037629313 0.00054092152735401699 0.003240607070101782 0.0052577733881749491 0.0052577733881749491 0.0065977360069260672 0.0041261459428146696 -7.7660234999322314e-06 -0.0020249323415730994 -0.0040420986596462665 -0.0043026792707005108 -0.001434226423566837 -0.006190793321641532 -0.012381586643283064 -0.024763173286566128 -0.030953966608207661 -0.043335553251490723 -0.043335553251490723 -0.03714475992984919 -0.024763173286566128 -0.018572379964924595 -0.006190793321641532 0.0 0.0 0.0 0.0 0.0 0.0 0.0 0.0 0.0 0.0 0.0 0.0054034905034408953 0.027528346516425432 0.032931837019866322 0.038335327523307219 0.060460183536291748 0.060715630535902232 0.038590774522917703 
0.0 0.0 0.0 0.0 0.0 0.0 0.0 0.0 0.0 0.0020171663180731671 0.0037790675504446392 0.0033822047674223628 0.0060818903101701278 0.0080990566282432945 0.0080990566282432945 0.0063371553958718237 0.0038655653317604252 -0.00026834663455417703 -0.0022855129526273442 -0.0043026792707005108 -0.0043026792707005108 -0.001434226423566837 -0.006190793321641532 -0.012381586643283064 -0.024763173286566128 -0.024763173286566128 -0.03714475992984919 -0.03714475992984919 -0.030953966608207661 -0.018572379964924595 -0.018572379964924595 -0.006190793321641532 0.0 0.0 0.0 0.0 0.0 0.0 0.0 0.0 0.0 0.0 0.0 0.0054034905034408953 0.027528346516425432 0.043994265026358594 0.049397755529799491 0.071522611542784026 0.071778058542394496 0.049653202529409968 
0.0054034905034408953 0.0 0.0 0.0 0.0 0.0 0.0 0.0 0.0 0.0020171663180731671 0.0037790675504446392 0.0055409687828161108 0.0082406543255638762 0.010257820643637044 0.010257820643637044 0.0084959194112655713 0.0067340181788940988 0.002600106212579497 0.0005829398945063301 -0.001434226423566837 -0.001434226423566837 -0.001434226423566837 -0.006190793321641532 -0.012381586643283064 -0.024763173286566128 -0.024763173286566128 -0.024763173286566128 -0.024763173286566128 -0.018572379964924595 -0.006190793321641532 -0.006190793321641532 -0.006190793321641532 0.0 0.0 0.0 0.0 0.0 0.0 0.0 0.0 0.0 0.0 0.0 0.0054034905034408953 0.027528346516425432 0.044249712025969071 0.049908649529020445 0.072033505542004966 0.07228895254161545 0.050164096528630915 
0.0054034905034408953 0.0 0.0 0.0 0.0 0.0 0.0 0.0 0.0 0.0020171663180731671 0.0037790675504446392 0.0055409687828161108 0.0055409687828161108 0.0075581351008892784 0.0075581351008892784 0.0057962338685178059 0.0040343326361463342 0.0040343326361463342 0.0020171663180731671 0.0 0.0 0.0 0.0 -0.006190793321641532 -0.018572379964924595 -0.018572379964924595 -0.018572379964924595 -0.018572379964924595 -0.012381586643283064 0.0 0.0 0.0 0.0 0.0 0.0 0.0 0.0 0.0 0.0 0.0 0.0 0.0 0.0 0.0054034905034408953 0.027528346516425432 0.044249712025969071 0.049908649529020445 0.049908649529020445 0.050164096528630922 0.028039240515646387 
0.0054034905034408953 0.0 0.0 0.0 0.0 0.0 0.0 0.0 0.0 0.0020171663180731671 0.0037790675504446392 0.0055409687828161108 0.0055409687828161108 0.0055409687828161108 0.0055409687828161108 0.0037790675504446392 0.0020171663180731671 0.0020171663180731671 0.0020171663180731671 0.0 0.0 0.0 0.0 0.0 -0.012381586643283064 -0.012381586643283064 -0.012381586643283064 -0.012381586643283064 -0.012381586643283064 0.0 0.0 0.0 0.0 0.0 0.0 0.0 0.0 0.0 0.0 0.0 0.0 0.0 0.0 0.0 0.022124856012984535 0.038846221522528174 0.044505159025579548 0.044505159025579548 0.044505159025579548 0.022380303012595013 
0.0054034905034408953 0.0 0.0 0.0 0.0 0.0 0.0 0.0 0.0 0.0 0.0017619012323714719 0.0035238024647429437 0.0035238024647429437 0.0035238024647429437 0.0035238024647429437 0.0017619012323714719 0.0 0.0 0.0 0.0 0.0 0.0 0.0 0.0 0.0 0.0 0.0 0.0 0.0 0.0 0.0 0.0 0.0 0.0 0.0 0.0 0.0 0.0 0.0 0.0 0.0 0.0 0.0 0.0 0.0 0.016721365509543638 0.022380303012595013 0.022380303012595013 0.022380303012595013 0.022380303012595013 
0.0056589375030513724 0.011096716060607513 0.011096716060607513 0.011096716060607513 0.011096716060607513 0.011096716060607513 0.0 0.0 0.0 0.0 0.0 0.0 0.0 0.0 0.0 0.0 0.0 0.0 0.0 0.0 0.0 0.0 0.0 0.0 0.0 0.0 0.0 0.0 0.0 0.0 0.0 0.0 0.0 0.0 0.0 0.0 0.0 0.0 0.0 0.0 0.0 0.0 0.0 0.0 0.0 0.0 0.0056589375030513724 0.0056589375030513724 0.0056589375030513724 0.0056589375030513724 
0.016755653563658886 0.011096716060607513 0.011096716060607513 0.011096716060607513 0.011096716060607513 0.011096716060607513 0.0 0.0 0.0 0.0 0.0 0.0 0.0 0.0 0.0 0.0 0.0 0.0 0.0 0.0 0.0 0.0 0.0 0.0 0.0 0.0 0.0 0.0 0.0 0.0 0.0 0.0 0.0 0.0 0.0 0.0 0.0 0.0 0.0 0.0 0.0 0.0 0.0 0.0 0.0 0.0 0.0 0.0 0.0 0.0 
0.038949085684873909 0.033290148181822542 0.011096716060607513 0.011096716060607513 0.011096716060607513 0.011096716060607513 0.0 0.0 0.0 0.0 0.0 0.0 0.0 0.0 0.0 0.0 0.0 0.0 0.0 0.0 0.0 0.0 0.0 0.0 0.0 0.0 0.0 0.0 0.0 0.0 0.0 0.0 0.0 0.0 0.0 0.0 0.0 0.0 0.0 0.0 0.0 0.0 0.0065188792627474956 0.0065188792627474956 0.0065188792627474956 0.0065188792627474956 0.0065188792627474956 0.0 0.0 0.0 
0.050045801745481421 0.044386864242430053 0.022193432121215027 0.011096716060607513 0.011096716060607513 0.011096716060607513 0.0 0.0 0.0 0.0 0.0 0.0 0.0 0.0 0.0 0.0 0.0 0.0 0.0 0.0 0.0 0.0 0.0 0.0 0.0 0.0 0.0 0.0 0.0 0.0 0.0 0.0 0.0 0.0 0.0 0.0 0.0 0.0 0.0 0.0 0.0 0.0 0.0065188792627474956 0.013037758525494991 0.013037758525494991 0.013037758525494991 0.013037758525494991 0.0065188792627474956 0.0 0.0 
0.072239233866696451 0.066580296363645083 0.044386864242430053 0.033290148181822542 0.011096716060607513 0.011096716060607513 0.0 0.0 0.0 0.0 0.0 0.0 0.0 0.0 0.0 0.0 0.0 0.0 0.0 0.0 0.0 0.0 0.0 0.0 0.0 0.0 0.0 0.0 0.0 0.0 0.0 0.0 0.0 0.0 0.0 0.0 0.0 0.0 0.0 0.0 0.0 0.0 0.0065188792627474956 0.013037758525494991 0.03248812661193004 0.03248812661193004 0.03248812661193004 0.025969247349182545 0.019450368086435049 0.0 
0.083335949927303962 0.077677012424252595 0.055483580303037565 0.044386864242430053 0.022193432121215027 0.011096716060607513 0.0 0.0 0.0 0.0 0.0 0.0 0.0 0.0 0.0 0.0 0.0 0.0 0.0 0.0 0.0 0.0 0.0 0.0 0.0 0.0 0.0 0.0 0.0 0.0 0.0 0.0 0.0 0.0 0.0 0.0 0.0 0.0 0.0 0.0 0.0065188792627474956 0.0065188792627474956 0.013037758525494991 0.019556637788242487 0.039007005874677536 0.038900736172870098 0.038900736172870098 0.032381856910122603 0.025862977647375107 0.006412609560940058 
0.066580296363645083 0.066580296363645083 0.044386864242430053 0.033290148181822542 0.011096716060607513 0.0 0.0 0.0 0.0 0.0 0.0 0.0 0.0 0.0 0.0 0.0 0.0 0.0 0.0 0.0 0.0 0.0 0.0 0.0 0.0 0.0 0.0 0.0 0.0 0.0 0.0 0.0 0.0 0.0 0.0 0.0 0.0 0.0 0.0 0.0 0.0065188792627474956 0.019556637788242487 0.026075517050989983 0.032594396313737478 0.052044764400172527 0.051832224996557652 0.051725955294750214 0.045207076032002719 0.038688196769255223 0.019237828682820174 
0.044386864242430053 0.044386864242430053 0.044386864242430053 0.033290148181822542 0.011096716060607513 0.0 0.0 0.0023830555965038574 0.0023830555965038574 0.0023830555965038574 0.0023830555965038574 0.0023830555965038574 0.0 0.0 0.0 0.0 0.0 0.0 0.0 0.0 0.0 0.0 0.0 0.0 0.0 0.0 0.0 0.0 0.0 0.0 0.0 0.0 0.0 0.0 0.0 0.0 0.0 0.0 0.0 0.0 0.0065188792627474956 0.019556637788242487 0.038900736172870098 0.045419615435617594 0.064869983522052643 0.064657444118437768 0.06455117441663033 0.045207076032002719 0.038688196769255223 0.019237828682820174 
0.033290148181822542 0.033290148181822542 0.033290148181822542 0.033290148181822542 0.011096716060607513 0.0 0.0 0.0023830555965038574 0.0047661111930077148 0.0047661111930077148 0.0047661111930077148 0.0047661111930077148 0.0023830555965038574 0.0 0.0 0.0 0.0 0.0 0.0 0.0 0.0 0.0 0.0 0.0 0.0 0.0 0.0 0.0 0.0 0.0 0.0 0.0 0.0 0.0 0.0 0.0 0.0 0.0 0.0 0.0 0.0065188792627474956 0.019556637788242487 0.038900736172870098 0.045313345733810156 0.064763713820245206 0.06455117441663033 0.064444904714822893 0.045100806330195281 0.038688196769255223 0.019237828682820174 
0.011096716060607513 0.011096716060607513 0.011096716060607513 0.011096716060607513 0.011096716060607513 0.0 0.0 0.0023830555965038574 0.0047661111930077148 0.0095322223860154296 0.0095322223860154296 0.0095322223860154296 0.0071491667895115726 0.0047661111930077148 0.0 0.0 0.0 0.0 0.0 0.0 0.0 0.0 0.0 0.0 0.0 0.0 0.0 0.0 0.0 0.0 0.0 0.0 0.0 0.0 0.0 0.0 0.0 0.0 0.0 0.0 0.0065188792627474956 0.019556637788242487 0.038900736172870098 0.045313345733810156 0.051725955294750214 0.051513415891135339 0.051407146189327901 0.03206304780470029 0.025650438243760232 0.019237828682820174 
0.006412609560940058 0.0 0.0 0.0 0.0 0.0023830555965038574 0.0047661111930077148 0.0071491667895115726 0.0095322223860154296 0.014298333579023144 0.011915277982519287 0.0095322223860154296 0.0071491667895115726 0.0047661111930077148 0.0 0.0 0.0 0.0 0.0 0.0 0.0 0.0 0.0 0.0 0.0 0.0 0.0 0.0 0.0 0.0 0.0 0.0 0.0 0.0 0.0 0.0 0.0 0.0 0.0 0.0 0.0 0.0065188792627474956 0.025862977647375107 0.032275587208315165 0.038688196769255223 0.038688196769255223 0.038581927067447785 0.019237828682820174 0.012825219121880116 0.006412609560940058 
0.006412609560940058 0.0 0.0 0.0 0.0 0.0023830555965038574 0.0071491667895115726 0.0095322223860154296 0.011915277982519287 0.016681389175527001 0.014298333579023144 0.0095322223860154296 0.0071491667895115726 0.0047661111930077148 0.0 0.0 0.0 0.0 0.0 0.0 0.0 0.0 0.0 0.0 0.0 0.0 0.0 0.0 0.0 0.0 0.0 0.0 0.0 0.0 0.0 0.0 0.0 0.0 0.0 0.0 0.0 0.0 0.019344098384627612 0.02575670794556767 0.032169317506507727 0.032169317506507727 0.032169317506507727 0.012825219121880116 0.006412609560940058 0.0 
0.006412609560940058 0.0 0.0 0.0 0.0 0.0023830555965038574 0.0071491667895115726 0.0095322223860154296 0.011915277982519287 0.016681389175527001 0.014298333579023144 0.0095322223860154296 0.0071491667895115726 0.0047661111930077148 0.0 0.0 0.0 0.0 0.0 0.0 0.0 0.0 0.0 0.0 0.0 0.0 0.0 0.0 0.0 0.0 0.0 0.0 0.0 0.0 0.0 0.0 0.0 0.0 0.0 0.0 0.0 0.0 0.0 0.006412609560940058 0.012825219121880116 0.012825219121880116 0.012825219121880116 0.012825219121880116 0.006412609560940058 0.0 
0.006412609560940058 0.0 0.0 0.0 0.0 0.0023830555965038574 0.0071491667895115726 0.0095322223860154296 0.0095322223860154296 0.014298333579023144 0.011915277982519287 0.0071491667895115726 0.0047661111930077148 0.0047661111930077148 0.0 0.0 0.0 0.0 0.0 0.0 0.0 0.0 0.0 0.0 0.0 0.0 0.0 0.0 0.0 0.0 0.0 0.0 0.0 0.0 0.0 0.0 0.0 0.0 0.0 0.0 0.0 0.0 0.0 0.0 0.006412609560940058 0.006412609560940058 0.006412609560940058 0.006412609560940058 0.006412609560940058 0.0 
0.006412609560940058 0.0 0.0 0.0 0.0 0.0023830555965038574 0.0071491667895115726 0.0095322223860154296 0.0095322223860154296 0.0095322223860154296 0.0071491667895115726 0.0023830555965038574 0.0 0.0 0.0 0.0 0.0 0.0 0.0 0.0 0.0 0.0 0.0 0.0 0.0 0.0 0.0 0.0 0.0 0.0 0.0 0.0 0.0 0.0 0.0 0.0 0.0 0.0 0.0 0.0 0.0 0.0 0.0 0.0 0.0 0.0 0.0 0.0 0.0 0.0 
